((("src" .
   [1 0 0])
  ("-,root,root" .
   [0 0 1 0 0 0 0 0 0 0 0])
  ("%defattr" .
   [0 0 0 0 0 1 0 0])
  ("no" .
   [1 0])
  ("BUILD" .
   [1 0 0 0 0])
  ("-r" .
   [1 0])
  ("find" .
   [1 0 0 0])
  ("-p" .
   [3 0])
  ("/mnt/dataprep/ncs/etc/nde.conf" .
   [0 0 0 1 0 0 0 0 0 0 0 0 0 0 0 0 0 0 0 0 0 1 0 0 0 0 0 0 0 0])
  ("%attr" .
   [0 0 0 1 0])
  ("/mnt/dataprep/ncs/etc" .
   [3 0 0 0 0 0 0 0 0 0 0 0 0 0 0 0 0 0 0 0 1])
  ("%prep" .
   [1 0 0 0 0])
  ("-m" .
   [1 0])
  ("install" .
   [3 0 0 0 0 0 0])
  ("version" .
   [1 0 0 0 0 0 0])
  ("dist" .
   [1 0 0 0])
  ("-d" .
   [2 0])
  ("--package" .
   [0 0 0 0 0 0 0 1 0])
  ("--release" .
   [0 0 0 0 0 1 0 0 0])
  ("--version" .
   [0 0 0 0 0 0 1 0 0])
  ("/bin/bash" .
   [0 0 0 0 0 1 0 0 0])
  ("/mnt/dataprep/ncs" .
   [2 0 0 0 0 0 0 0 0 0 0 0 0 0 0 2 0])
  ("/mnt/dataprep" .
   [0 0 0 2 2 0 0 0 0 0 0 0 0])
  ("ch" .
   [1 0])
  ("clfs" .
   [1 0 0 0])
  ("./" .
   [2 0])
  ("install_ncs.sh" .
   [0 0 0 0 0 0 0 0 0 0 0 0 1 0])
  ("install_ncs" .
   [0 0 0 0 0 0 0 0 1 0 0])
  ("print" .
   [1 0 0 0 0])
  ("files" .
   [1 0 0 0 0])
  ("PSU" .
   [1 0 0])
  ("-v" .
   [1 0])
  ("hosts_ipmi" .
   [1 0 0 0 0 0 0 0 0 0])
  ("red" .
   [1 0 0])
  ("split" .
   [1 0 0 0 0])
  ("line" .
   [1 0 0 0])
  ("skip_bad_hosts" .
   [0 0 1 0 0 0 0 0 0 0 0 0 0 0])
  ("gpu" .
   [1 0 0])
  ("ping" .
   [1 0 0 0])
  ("prin" .
   [3 0 0 0])
  ("hosts" .
   [6 0 0 0 0])
  ("blades" .
   [1 0 0 0 0 0])
  ("pblades" .
   [1 0 0 1 0 0 0])
  ("execute" .
   [2 0 0 0 0 0 0])
  ("exe" .
   [4 0 0])
  ("append" .
   [0 0 1 0 0 0])
  ("green" .
   [1 0 0 0 0])
  ("run" .
   [1 0 0])
  ("result" .
   [1 0 0 0 0 0])
  ("host" .
   [9 0 0 0])
  ("msg" .
   [5 0 0])
  ("error" .
   [3 0 0 0 0])
  ("info" .
   [3 0 0 0])
  ("mlog" .
   [7 0 0 0])
  ("hpclogger" .
   [1 0 1 1 0 0 0 0 0])
  ("data" .
   [18 0 0 0])
  ("value" .
   [1 0 0 0 0])
  ("env" .
   [23 0 0])
  ("key" .
   [1 0 0])
  ("argv" .
   [1 0 0 0])
  ("roles" .
   [1 0 0 0 0])
  ("role" .
   [3 0 0 0])
  ("ls" .
   [1 0])
  ("nfs/" .
   [1 0 0 0])
  ("phase" .
   [2 0 0 0 0])
  ("ndeprofile" .
   [1 0 0 0 0 0 0 0 0 0])
  ("mkdir" .
   [6 0 0 0 0])
  ("WORKSPACE" .
   [0 0 0 1 0 0 0 0 0])
  ("RPMS" .
   [0 0 1 0])
  ("dist/" .
   [2 0 0 0 0])
  ("blade" .
   [8 0 0 0 0])
  ("/opt/cluster/etc/pdsh/cpublades" .
   [0 0 0 0 1 0 0 0 0 0 0 0 0 0 0 0 0 0 0 0 0 0 0 0 0 0 0 0 0 0 0])
  ("/mnt/dataprep/synopsys/cats/common/workerlist" .
   [0 0 0 1 0 0 0 0 0 0 0 0 0 0 0 0 0 0 0 0 0 0 0 0 0 0 0 0 0 0 0 0 0 0 0 0 0 0 0 0 0 0 0 0 0])
  ("yml" .
   [3 0 0])
  ("dmg" .
   [3 0 0])
  ("tmpcfg" .
   [0 0 1 0 0 0])
  ("get_mng_devices" .
   [0 0 0 0 0 0 1 0 0 0 0 0 0 0 0])
  ("get" .
   [1 0 0])
  ("get_prod_devices" .
   [0 0 0 0 0 0 0 1 0 0 0 0 0 0 0 0])
  ("node" .
   [2 0 0 0])
  ("s" .
   [1])
  ("-n" .
   [1 0])))
